Insertion Sort

1)[22,27,16,2,18,6] dizisinin Insertion sort algoritmasına göre aşamaları.

-[22,| 27,16,2,18,6]

-[22,27,| 16,2,18,6]

-[22,27,16,| 2,18,6] -> [22,16,27,2,18,6] -> [16,22,27,2,18,6]

-[16,22,27,2,| 18,6] -> [16,22,2,27,18,6] -> [16,2,22,27,18,6] -> [2,16,22,27,18,6]

-[2,16,22,27,18,| 6] -> [2,16,22,18,27,6] -> [2,16,18,22,27,6]

-[2,16,18,22,27,6 | ] -> [2,16,18,22,6,27] -> [2,16,18,6,22,27] -> [2,16,6,18,22,27] -> [2,6,16,18,22,27]

2) Big-O gösterimini yazınız. 

-O(n2)

3) Time Complexity.

-Worst Case = n2
-Average Case = n2
-Best Case = n

4) Dizi sıralandıktan sonra 18 sayısı hangi case kapsamına girer?

-Average Case kapsamındadır.

5) [7,3,5,8,2,9,4,15,6] dizisinin Insertion Sort'a göre ilk 4 adımı.

- [7,| 3,5,8,2,9,4,15,6]
- [7,3,| 5,8,2,9,4,15,6] -> [3,7,5,8,2,9,4,15,6]
- [3,7,5,| 8,2,9,4,15,6] -> [3,5,7,8,2,9,4,15,6]
- [3,5,7,8,| 2,9,4,15,6]
